00000000110110000000000000000000010000100000000000001000000000010000100000000000
01001001101000000100011001001100010000001001010001001000000100000000000110000000
00110001000010000000000100000000001000101000001000000011000001010000000010001000
00000111000000100000000001100001010110100000000001000011000100010001001000001010
01000000000000001000000000000100000001100010000100000001010000000010000000010010
10000100011000011110011000100110001000000000010100001000101001000010000100100001
00101110110011000000111111011100001000101101101000000000000000001000001001100000
00100000000011000100001100000000000010101000000001010000100100101000000001101101
01000011000000000100100001000000000000000000100000000000000000000011001011001000
00001101110100000100001000010010010000000001110000010001000000010101101000000010
00100000100010110001011100000000000001010000000000000010010100000000001000010010
01000000100110000000111110000000001001000010000001010000000001000100001100000000
00010000100101010000011000010100000110000000101000001011100101000000000100011010
00100000000000001001011000110100000001110001000000000011000011100010000010011011
10100010000000111001001000000000010000100010011000000010001000000010000000000000
01001011011000000010000000100000000000000100001000010000011110001000010010001000
00000000001100001011001000000010000010000000010010010000001000010000010100000100
11011100000001001000100001001011000001101110010000010101000100101000010000000010
01000100000100001100000001000000000000000000100001000100010000001000000010001000
00100000100010000110011000100000000000011001000001001001010001010001110000000000
01110010001010000000010100000000000110000001000001000000000100000100000110010000
00000000001000000000001100001000000100000000000100010010001001000010000000110000
01000000010000000000001001001010000000100000010010000100000001000000010000000000
00011000001000010000000000001000000000000001001010000001000100000000010011000101
00000000000001100010010001001000100000101101001000001000000000000011111000101001
00000010011001000000000001111000000000000000000101010000001100100000010110100000
01100010000000100100000000010000000110100100101100010000000100011000000000100011
10000011000001100001000000000000010000000111001010000000010000000010000001100001
10010001100010010001000010010101100010000000001100001001001000000010000000100000
01000100100010100000001010101001001010101000101000010000000000100010100001011000
01001000000000000101010000000100001010001000000000000100100100000000010100001001
00000100000100100000010000000001001000000001101001000100000000100000000000001000
01000100000100000100110000110010010100000010000000010001001001000000000100100101
00000010001000001001010000010010100100001000011000010000101000000011000010000100
10010001000000001100000001000000000001000001000000110000000001100000000011010000
00000000000000011001000001000000010000000000000101111001001000000000100000001000
00100001000011001100000000010000000100001000000100000100010100010010000101100000
01111100101000010000110110110010000011001000001000010000000100100010000000000010
01010100000111000000000000000000001011000000100000000101100010000000000000000001
01111000100001000001100100000000000010010000000000000010000000000000000011101000
01010000111000001000000000011011101111010000011000100000100101001100001010000000
00101000000000100010100100000000010100000100001010000000000000000000000010111001
10000000000010011000101000010000010001101111001010010000001010000101010100000000
00010010001000000000100100100100000110001010000110000001001000000000000001000000
00101000010000000000000000010000001001101100001000001010000100000100000000001000
00000000000000010100000100100100000000011000000000100001010100001000001001001000
00000000000101000110000001101000101011100000000001111110000000001111000000100000
00010000000000000000000001010100001000000101000000000101101001000001101110000000
00000011001000110100000010010000001000000010001011101010000000000000110011001001
01110000001000000000000000010000000001010000000001001011011110010010001100010000
01000001000000001000100000100000001001011000000000100000110000101011100100000100
00000000100000010001000000100010101100011000000100010000000000001010000100100001
00011010000010000000000000000000001000011000001010100100000101110000100000001000
00000000010000000000000000100011000000100000101000101100100011100000000100000100
00000001100000000000100000000000000010101100000001000000000000000001000010010010
00000000100000000000100100000010100010011011000010000000001000001000000000101000
01000010000000100010000000000000000000010110001000000000000000001000001000000000
01001100010100110110011010100000000000100100000010000000000010000000100000101000
00000101101000100111100000000000000000000000000000000000000000000100001000010000
11000001000110100100100100000000000100010000000000001100000001000010110000000110
10110000000010000000010010010000011000010101100100000000000000010100000000000001
01000101110110000100100001000100000010000000000010101001001000100001000000000011
00100000011000000000000000000000000000100001010100001001010000000100001100000010
00000111000000010001000010000110000100001010000000010001000000000000011100000010
00001101110001001000000000001000100000000010000000000100001000000000000001011000
00011000000001000110000001010000000011110000000001001000001000000000000001110001
00100010010111000101100000001000000001001100100000000000000010001001001000101100
00110001010011010000010101000101000001000110000000000000100000101010000100000100
00000000011000001000010100011000000110100001000100011000000010100000000010110010
00100100000100100000000100000011001111110100100000000000000000011000000000000001
01011101010000000101000000111101000000100010010010101100000000000011000000000000
10010100000000100000000000110101000001001000000000110000001000001010000010000000
00000110010000100101000010000000110000000011100010000000000000010000100000100100
01010110100100011000000000010100000001010000000000100101011000000000101011001010
01000000010001001111101001011010010100001000000010000000000001011000000001100000
00100000000000010000000100000100000010001000000100011010000000110100000000000001
00110011001000001100000111110001100010100000000000000000011000000000001100000000
00110100010000000010000001000100000000101000000000001000000100100000000010010111
01110000000001110000000100100100100110001100000110001010100011001000000001001100
00000000100100010000000000100001000010010010000000100000100100000011000010001000